The inferred alpha parameter is 0.32988599763343623.
The inferred beta parameters is 46560.99050720522.
The expected distribution is as follows: [-- 1034.9007901206287 352.66219096655186 183.32742957429443
 114.92540662160405 80.14849825886354 59.924581712259055 47.06581176056885
 38.343948668842316 32.12720772572555 27.517320321686842
 23.986626137339258 21.208768402140347 18.97317597675143
 17.139059707780408 15.60936279995903 14.315365931550462
 13.207252448554705 12.248141674746396 11.410210057527058
 10.672107083679345 10.017195502926885 9.432328800926465 8.906986321957891
 8.432651112344281 8.002355421846275 7.610343915001889 7.251820781193184
 6.922757489787029 6.619744960492411 6.339878664078172 6.08066842105966
 5.839966925422451 5.615912609872583 5.406883601026902 5.211460327565857
 5.028394937553769 4.8565861168717 4.695058224375859 4.542943901594893
 4.399469497968839 4.2639427919946264 4.13574259582704 4.01430991365396
 3.899140388762192 3.7897778247903506 3.6858086067104012 3.586856878768679
 3.4925803620524043 3.4026667147327685 3.316830354503782 3.234809676145476
 3.1563646080422556 3.0812744604595896 3.0093360257602586
 2.9403618968262726 2.874178975040964 2.8106271433901604 2.749558083802324
 2.6908342207773495 2.6343277759055894 2.5799199199451586
 2.527500010957667 2.4769649085042538 2.428218355217453 2.3811704181782827
 2.3357369834812163 2.291839298191188 2.2494035546074582
 2.2083605123673977 2.1686451544403766 2.130196373539074 2.092956685869596
 2.0568719694847393 2.0218912248284706 1.9879663553107838
 1.9550519659951842 1.9231051786868825 1.8920854618926863
 1.8619544742759597 1.8326759203937253 1.804215417591523
 1.7765403730871496 1.749619870335326 1.7234245638789865
 1.6979265819532472 1.673099436193923 1.648917937850872 1.6253581199719636
 1.6023971650689595 1.5800133378209935 1.5581859224174646
 1.5368951641664754 1.5161222150433973 1.495849082868422
 1.4760585838397338 1.4567342981653777 1.4378605285626105
 1.4194222614124474 1.4014051303750625 1.3837953822835516
 1.3665798451568207 1.3497458981780748 1.3332814434996327
 1.317174879749047 1.3014150771143789 1.2859913539055654
 1.2708934544883177 1.2561115284972817 1.241636111247506
 1.2274581052593563 1.2135687628297773 1.1999596695754988
 1.1866227288950861 1.1735501472771546 1.160734420417346
 1.1481683200812909 1.1358448816728557 1.1237573924616016
 1.1118993804322825 1.1002646037159232 1.0888470405679862
 1.0776408798630723 1.0666405120714193 1.0558405206955295
 1.045235674131718 1.0348209179408105 1.0245913674974916 1.014542301000411
 1.004669152823709 0.9949675071858667 0.9854330921247216 0.97606177375656
 0.9668495508068778 0.9577925493966623 0.9488870180706737
 0.9401293230552944 0.9315159437328875 0.9230434683220866
 0.9147085897526217 0.9065081017260731 0.8984388949490077
 0.8904979535358352 0.8826823515665474 0.8749892497964087
 0.8674158925063105 0.8599596044893189 0.8526177881654384
 0.8453879208181877 0.838267551948854 0.831254300739095 0.8243458536211388
 0.8175399619461303 0.8108344397505562 0.8042271616103999 0.79771606058498
 0.7912991262416007 0.7849744027601319 0.7787399871116711
 0.7725940273107176 0.7665347207336158 0.7605603125045165
 0.7546690939428768 0.7488594010699275 0.7431296131740994
 0.7374781514292222 0.7319034775655002 0.7264040925910724
 0.7209785355597766 0.7156253823860931 0.7103432447031146
 0.7051307687618639 0.6999866343722753 0.6949095538805835
 0.6898982711853201 0.684951560787238 0.6800682268737338
 0.6752471024358672 0.6704870484157887 0.6657869528845393
 0.661145730248622 0.6565623204831588 0.6520356883927098 0.647564822896634
 0.6431487363384419 0.638786463819805 0.6344770625557138 0.63021961125197
 0.6260132095032339 0.6218569772110608 0.6177500540210508
 0.613691598778611 0.6096807890024428 0.6057168203748239
 0.6017989062492468 0.5979262771724867 0.5940981804233394
 0.590313879565059 0.5865726540125952 0.5828737986129471 0.579216623239145
 0.575600452396508 0.5720246248413352 0.5684884932112115 0.564991423666952
 0.561532795545139 0.5581120010213939 0.5547284447840393
 0.5513815437170757 0.5480707265933344 0.5447954337761857
 0.5415551169304973 0.5383492387419418 0.5351772726446355
 0.5320387025566948 0.5289330226236685 0.5258597369691629
 0.5228183594528695 0.5198084134354588 0.516829431550087
 0.5138809554807787 0.510962535746752 0.5080737314927961 0.505214110285869
 0.50238324791709 0.49958072820946053 0.4968061428306135
 0.49405909111101914 0.49133917986726194 0.48864602322967937
 0.48597924247518526 0.4833384658644085 0.4807233284832481
 0.4781334720887433 0.4755685449589473 0.47302820174693144
 0.470512103338741 0.46801991671470977 0.4655513148149825
 0.46310597640815077 0.46068358596345693 0.4582838335263106
 0.45590641459705317 0.45355103001284763 0.45121738583250964
 0.44890519322443206 0.4466141683572085 0.44434403229318437
 0.4420945108845513 0.4398653346722088 --].