[-678.339476379454, array([1.86682421e-01, 6.71469748e+02])]
[-- 5002.27277982494 1960.9180784599355 1102.0654948879544
 726.6768659126506 525.7692501041099 404.5492651639755 325.245818847236
 270.1952762786806 230.187686794118 200.02463522596602 176.58789996529168
 157.91395004388508 142.71588873278364 130.12131043899095
 119.52135137506087 110.48014126820985 102.67856148534912
 95.87824168832978 89.89789333818179 84.59738194162277 79.86677836323481
 75.61868710800702 71.7827759322857 68.3018120029706 65.12874684789482
 62.22454299717957 59.55653283215985 57.097164532342475 54.823033159501556
 52.71412427358541 50.75321773145882 48.92541347990448 47.217751174242544
 45.6189026296173 44.11892130262552 42.709036799367 41.38148520859684
 40.12936814944284 38.94653499361055 37.827483914319444 36.76727832416233
 35.761475966268605 34.80606846683843 33.89742958266421 33.03227071121137
 32.207602495942254 31.42070156969875 30.669081648061518 29.95046832035074
 29.2627769957741 28.604093551878414 27.97265730540478 27.366845985831176
 26.785162441420212 26.226222848504474 25.688746229024357
 25.17154510967343 24.673517180085543 24.193637827269377
 23.730953440836164 23.284575397528034 22.853674646039213
 22.437476823306557 22.035257842411635 21.646339899823204
 21.270087856223498 20.9059059507757 20.55323481355943 20.21154874514511
 19.88035323581674 19.559182700248627 19.247598406147173 18.94518657772973
 18.651556657162747 18.36633970880099 18.08918695276485 17.819768415813666
 17.557771688748996 17.30290078062927 17.054875061242885
 16.813428283863633 16.578307681444688 16.349273129794604
 16.126096372100132 15.9085602995665 15.69645828356319 15.489593554991355
 15.287778627057918 15.090834757958673 14.898591450285833
 14.710885984307264 14.527562982423612 14.348474002470672
 14.173477157619676 14.002436760906862 13.835222992534803
 13.671711588274901 13.511783547432136 13.355324858967077
 13.202226244442976 13.052382916648916 12.905694352776676
 12.762064081137058 12.621399480506938 12.483611591208854
 12.34861493717639 12.216327358243298 12.086669851971257
 11.959566424427965 11.834943949284998 11.71273203474923
 11.592862897771958 11.475271245155504 11.359894161005002
 11.246671000266932 11.135543287876876 11.026454623221031
 10.919350589568163 10.814178668198206 10.710888156924867
 10.609430092756742 10.509757178469984 10.4118237128319 10.315585524317841
 10.220999908052693 10.128025565865565 10.036622549224237
 9.946752204917955 9.858377123345239 9.771461089220422 9.685969034622277
 9.601866994212433 9.519122062534976 9.437702353272293 9.357576960357186
 9.27871592084683 9.201090179459747 9.12467155469633 9.049432706456383
 8.975347105089734 8.902389001773368 8.830533400201224 8.759756029467665
 8.690033318127211 8.621342369341175 8.553660937079528 8.486967403316138
 8.421240756168539 8.356460568952004 8.292606980073758 8.229660673765512
 8.16760286157801 8.106415264641534 8.046080096607392 7.9865800472914055
 7.927898266946797 7.870018351162305 7.812924326338535 7.756600635741112
 7.701032126070655 7.646204034563875 7.592101976576182 7.538711933626804
 7.486020241908325 7.4340135812096895 7.382678964254926 7.332003726440216
 7.281975515934588 7.232582284152588 7.183812276566863 7.1356540238462856
 7.088096333324377 7.041128280754281 6.994739202370563 6.948918687218249
 6.903656569756184 6.858942922718574 6.8147680502174275 6.771122481086424
 6.727996962453562 6.685382453524487 6.643270119586715 6.601651326208547
 6.5605176336292494 6.519860791346327 6.479672732870445 6.4399455706596935
 6.400671591217161 6.361843250348879 6.323453168574154 6.285494126685223
 6.247959061448534 6.2108410614405445 6.174133363023455 6.137829346435178
 6.101922532014859 6.066406576536971 6.031275269665548 5.996522530512786
 5.962142404308313 5.9281290591665385 5.894476782954889 5.861179980254677
 5.828233169417105 5.7956309797036525 5.763368148513736 5.731439518696467
 5.699840035936939 5.668564746225944 5.63760879339791 5.6069674167445145
 5.576635948695496 5.546609812567184 5.516884520375257 5.4874556707116895
 5.458318946679446 5.429470113888194 5.400905018505027 5.372619585359658
 5.3446098161051605 5.316871787427471 5.289401649303615 5.262195623311337
 5.235250000982388 5.20856114220265 5.1821254736530635 5.155939487295623
 5.1299997389005565 5.104302846609095 5.078845489538793 5.053624406424358
 5.028636394294228 5.003878307182981 4.979347054876239 4.955039601689578
 4.930952965280071 4.907084215485036 4.883430473195607 4.8599889092560185
 4.8367567433919385 4.813731243166281 4.790909722961691 4.7682895429888505
 4.745868108318722 4.723642867940779 4.701611313842975 4.679770980116033
 4.658119442079016 4.636654315427377 --]