[-678.3394232265541, array([1.86686392e-01, 6.71400911e+02])]
[-- 5002.315303004334 1960.9329296812607 1102.0727235815668
 726.6809914630271 525.7718451794334 404.5510089799224 325.24704764171156
 270.1961731991652 230.18835898562995 200.02514898137417
 176.58829821604354 157.9142616771148 142.71613383390894
 130.12150337808967 119.52150269460334 110.48025887632093
 102.67865143221916 95.87830868458228 89.89794110910604 84.59741347442632
 79.86679608301542 75.61869300525937 71.78277165683743 68.30179893425779
 65.12872614828996 62.22451565299754 59.55649968557279 57.097126306503974
 54.82299047852808 52.71407767860259 50.75316769360076 48.925360410930544
 47.21769543527303 45.61884453837131 44.11886113945533 42.70897481231888
 41.38142161767849 40.12930315023954 38.94646876036376 37.827416602559325
 36.76721007296737 35.761406900213025 34.805998697676465 33.89735921079067
 33.03219982693356 32.207531180589804 31.420629896594914 30.66900968337611
 29.950396123849796 29.262704621481596 28.6040210486608 27.972584717488836
 27.366773353263593 26.785089800476282 26.226150232052362
 25.688673666850036 25.17147262877134 24.673444804918958
 24.193565580003604 23.73088134154858 23.284503464396767
 22.853602895512996 22.4374052702583 22.035186500276787 21.64626878072536
 21.270016971087706 20.905835309431435 20.553164424834105
 20.211478616948828 19.880283375219626 19.559113113551117
 19.247529098944078 18.945117554968693 18.651487923197617
 18.366271267440776 18.089118807318187 17.819700569129683
 17.55770414325488 17.3028335383645 17.054808123890684 16.813361652780017
 16.578241357684885 16.34920711413762 16.126030665071102
 15.908494901457448 15.696393194452003 15.489528774759439
 15.287714155406306 15.090770594422938 14.898527594249966
 14.710822435016276 14.527499738995315 14.348411063906585
 14.173414522814967 14.002374428659714 13.83516096155492
 13.671649857191486 13.511722114801241 13.355263723278357
 13.202165404126053 13.052322370079107 12.905634098280528
 12.76200411699722 12.621339804966853 12.483552202477068 12.34855583343051
 12.216268537633653 12.08661131262434 11.95950816444958 11.83488596676321
 11.712674327757043 11.59280546436986 11.475214083393789
 11.359837268925926 11.246614375906674 11.135486929267406
 11.026398528391812 10.919294756547744 10.814123095015653
 10.710832841611127 10.609375033345875 10.509702373000296
 10.411769159346967 10.315531220867584 10.220945852694154
 10.127971756663772 10.03656898425301 9.946698882260467 9.858324041094798
 9.771408245480918 9.685916427508738 9.601814621851592 9.519069923065535
 9.437650444845458 9.357525281136985 9.278664469010367 9.201038953197576
 9.124620552212635 9.049381925969238 8.97529654483127 8.902338659989988
 8.830483275153707 8.759706119431321 8.689983621391969 8.621292884211675
 8.553611661875204 8.486918336371257 8.421191895832246 8.356411913588316
 8.292558528061615 8.229612423498772 8.167554811465418 8.106367413106705
 8.046032442088782 7.98653258824228 7.927851001835162 7.869971278470854
 7.81287744456461 7.756553943396607 7.700985621681948 7.646157716671752
 7.592055843735724 7.538665984407353 7.48597447489334 7.433967994996661
 7.382633557455269 7.3319584976791905 7.281930463851146 7.232537407399315
 7.18376757380982 7.135609493764936 7.088051974611434 7.041084092115591
 6.9946951825250405 6.948874834897697 6.9036128837051685 6.858899401694378
 6.81472469298984 6.771079286437628 6.7279539291781 6.685339580429028
 6.643227405489986 6.601608769941218 6.560475234033759 6.519818547276809
 6.479630643192603 6.439903634250636 6.400629806965307 6.361801617153855
 6.323411685346618 6.285452792346801 6.24791787493167 6.210800021688371
 6.174092468989715 6.137788597084067 6.101881926320931 6.066366113484985
 6.031234948250409 5.996482349739376 5.962102363191426 5.928089156730749
 5.894437018234405 5.861140352293274 5.828193677268017 5.795591622429421
 5.763328925186161 5.731400428396445 5.699801077754384 5.668525919259685
 5.637570096755593 5.606928849542467 5.576597510058682 5.546571501629041
 5.516846336277623 5.487417612604727 5.458281013721539 5.429432305245806
 5.400867333352673 5.372582022879753 5.344572375487967 5.316834467870994
 5.289364450013502 5.262158543500798 5.2352130398721135 5.2085242990206995
 5.182088747634821 5.15590287768368 5.129963244944625 5.104266467565959
 5.078809224672167 5.053588255004873 5.0286003555992895 5.003842380496752
 4.979311239489538 4.95500389689974 4.93091737039098 4.907048729806961
 4.883395096045183 4.859953639956149 4.836721581271723 4.813696187560955
 4.790874773212537 4.768254698443157 4.745833368329681 4.723608231867424
 4.701576781050156 4.679736549974309 4.658085113964588 4.636620088722035
 --]